1306 0
1308 0
1310 0
1311 0
1312 0
1313 0
1318 0
1319 0
1321 0
1323 0
1324 0
1326 0
1327 0
1328 0
1332 1
1334 1
1335 1
1337 1
1339 1
1340 1
1341 1
1342 1
1343 1
1344 1
1345 1
1346 1
1349 1
1350 1
1351 1
1352 1
2268 0
2273 0
2274 0
2277 0
2315 0
2381 1
2383 1
2473 0
2290 1
2296 1
2300 0
2301 0
2303 0
2311 0
2368 1
2374 1
2377 0
2340 0
2341 0
2343 0
2344 0
2347 0
2353 1
2387 1
2390 1
2398 1
2399 1
2002 0
2003 0
2008 0
2053 1
2061 1
2062 1
2063 1
2064 1
2067 1
2072 0
2074 1
2078 1
2080 1
2083 0
2086 0
2087 0
2088 0
2093 0
2097 0
2099 0
2100 0
2101 0
2103 1
2121 0
2499 0
2508 0
2409 0
2414 0
2418 0
2423 0
2425 0
2426 0
2430 0
2431 1
2432 1
2443 1
2447 0
2455 0
2457 0
2461 0
2462 0
2469 0
2016 0
2018 0
2019 0
2020 0
2021 0
2026 1
2027 1
2029 1
2033 1
2035 1
2042 1
2043 1
2046 1
2050 1
2480 0
2482 0
2122 1
2127 1
2128 1
2129 1
2130 1
2136 0
2141 0
2144 0
2152 0
2153 0
2175 0
2155 0
2158 0
2160 0
2178 0
2194 0
2251 1
2513 0
2514 0
2169 1
2172 1
2173 1
2198 0
2200 0
2203 0
2216 0
2228 1
2238 1
2240 1
2243 1
2244 1
2247 1
